0.0 0.02412295168563664 0.09358222275240878 0.19999999999999996 
0.02 0.02412295168563664 0.09358222284084974 0.20000002500803504 
0.04 0.024122951685637523 0.09358222692865584 0.20000044912912454 
0.06 0.02412295168569134 0.09358226257147381 0.20000243267895434 
0.08 0.024122951686659202 0.09358241995786455 0.20000806608635424 
0.1 0.024122951695547207 0.09358290488577035 0.2000204387620717 
0.12000000000000001 0.024122951749031493 0.09358410303793002 0.20004368943683254 
0.14 0.024122951990061182 0.0935866541246851 0.20008304651330408 
0.16 0.024122952870743248 0.09359153493899333 0.2001448620129769 
0.18 0.024122955615878714 0.09360015062173513 0.20023664101857 
0.19999999999999998 0.02412296317159465 0.09361443359117017 0.20036706775583918 
0.21999999999999997 0.024122981988765318 0.09363694969488286 0.20054602906177044 
0.23999999999999996 0.024123025157781627 0.09367101121689708 0.20078463575610553 
0.25999999999999995 0.024123117626310253 0.09372079642787577 0.2010952422899236 
0.27999999999999997 0.02412330450172496 0.09379147540874513 0.2014914649508526 
0.3 0.02412366377176287 0.09388934191153815 0.20198819883989003 
0.32 0.024124325177648114 0.09402195104820828 0.20260163378893295 
0.34 0.02412549745053343 0.09419826262027325 0.2033492693545841 
0.36000000000000004 0.024127506681839887 0.09442878992056097 0.20424992899869035 
0.38000000000000006 0.02413084924822412 0.0947257538538596 0.2053237735468766 
0.4000000000000001 0.024136263459861328 0.09510324223652349 0.206592314001402 
0.4200000000000001 0.024144824953975755 0.09557737414649929 0.2080784237728597 
0.4400000000000001 0.024158071821636012 0.09616646920515522 0.20980635038578135 
0.46000000000000013 0.024178166542394592 0.09689122168098095 0.21180172670553365 
0.48000000000000015 0.02420810301609885 0.09777487931288376 0.21409158172760037 
0.5000000000000001 0.02425196833191419 0.09884342675760086 0.21670435096513133 
0.5200000000000001 0.02431527040912783 0.10012577357181056 0.21966988646628355 
0.5400000000000001 0.024405344290556998 0.10165394664496093 0.22301946648921187 
0.5600000000000002 0.02453185167534585 0.10346328700373413 0.22678580485945107 
0.5800000000000002 0.024707390251638837 0.10559265091349697 0.2310030600317724 
0.6000000000000002 0.02494823153916157 0.10808461520611531 0.23570684387630914 
0.6200000000000002 0.025275208285277014 0.11098568676718207 0.24093423020676835 
0.6400000000000002 0.025714774983824875 0.11434651611906776 0.2467237630668258 
0.6600000000000003 0.026300267812256913 0.11822211503928588 0.25311546478930014 
0.6800000000000003 0.02707339321756632 0.12267207815650255 0.26015084384138154 
0.7000000000000003 0.028085977533639457 0.1277608084691402 0.26787290246803047 
0.7200000000000003 0.029402013390348314 0.13355774673394763 0.27632614414463075 
0.7400000000000003 0.031100042286413353 0.1401376046741575 0.28555658084906915 
0.7600000000000003 0.033275916552308854 0.14758060195894207 0.2956117401625985 
0.7800000000000004 0.03604598803480982 0.15597270690782464 0.30654067220811104 
0.8000000000000004 0.03955077519979071 0.16540588087552244 0.3183939564337968 
0.8200000000000004 0.0439591649832231 0.17597832627439586 0.33122370824957104 
0.8400000000000004 0.04947321063066762 0.1877947381932715 0.34508358552312457 
0.8600000000000004 0.0563335919616397 0.20096655957290221 0.3600287949419698 
0.8800000000000004 0.06482580998581743 0.21561223989973116 0.37611609824741765 
0.9000000000000005 0.07528719359195794 0.2318574973809504 0.39340381834602534 
0.9200000000000005 0.08811480213644302 0.24983558456509258 0.41195184530369255 
0.9400000000000005 0.10377431418546726 0.26968755737357003 0.4318216422272524 
0.9600000000000005 0.1228099994219363 0.2915625475096909 0.45307625103810123 
0.9800000000000005 0.14585587782411263 0.3156180382127348 0.47578029814213463 
1.0000000000000004 0.17364817766686969 0.34202014332567643 0.4999999999998863 
1.0200000000000005 0.19894090513918172 0.3685046771057934 0.5302397498637816 
1.0400000000000005 0.21519233589779674 0.39248807676215947 0.5684392351315637 
1.0600000000000005 0.2241524161130357 0.4137142423217455 0.6111512644019967 
1.0800000000000005 0.2274010686778638 0.43199402010386834 0.6553719197193573 
1.1000000000000005 0.22634819320714428 0.44720520272009523 0.698540556576603 
1.1200000000000006 0.2222336660381501 0.45929252907453844 0.7385398039131132 
1.1400000000000006 0.21612734023000257 0.46826768436348587 0.7736955641145471 
1.1600000000000006 0.2089290455641617 0.4742093000757279 0.8027770130146052 
1.1800000000000006 0.20136858854461082 0.47726295399228036 0.8249965998931543 
1.2000000000000006 0.19400575239718876 0.4776411701866081 0.8400100474770227 
1.2200000000000006 0.1872302970698172 0.4756234190243802 0.8479163519404551 
1.2400000000000007 0.18126195923292698 0.4715561171639209 0.8492577829044308 
1.2600000000000007 0.17615045227897497 0.46585262755549905 0.8450198834370326 
1.2800000000000007 0.17177546632260032 0.4589932594420958 0.8366314700528505 
1.3000000000000007 0.16784666820090915 0.4515252683589611 0.8259646327144223 
1.3200000000000007 0.16409042653632547 0.44412691653202213 0.8151489659016429 
1.3400000000000007 0.1606630855444478 0.4373763725699868 0.8052803308317963 
1.3600000000000008 0.1575188612758889 0.4311834596962149 0.7962268978767159 
1.3800000000000008 0.1546204735526989 0.42547475029414905 0.7878813230422096 
1.4000000000000008 0.15193721276815791 0.4201897582462099 0.7801551815399139 
1.4200000000000008 0.14944351856980131 0.4152781394858437 0.7729748752681727 
1.4400000000000008 0.14711791751065456 0.4106975995789214 0.7662785739006817 
1.4600000000000009 0.14494221716390557 0.4064123064395019 0.7600138944321699 
1.4800000000000009 0.14290088656095462 0.4023916700310075 0.754136117220864 
1.5000000000000009 0.14098057406123954 0.3986093927551561 0.7486067977499785 
1.520000000000001 0.13916972799672808 0.3950427222674711 0.7433926743170659 
1.540000000000001 0.13745829514588237 0.3916718575869258 0.7384647998243995 
1.560000000000001 0.1358374788296291 0.388479472638016 0.7337978452440811 
1.580000000000001 0.13429954316818615 0.38545033071197 0.7293695359980352 
1.600000000000001 0.1328376534283544 0.38257097001229945 0.7251601922563584 
1.620000000000001 0.1314457448448087 0.3798294452831793 0.7211523512232798 
1.640000000000001 0.13011841409625402 0.37721511405920305 0.7173304546552071 
1.660000000000001 0.12885082894846195 0.37471845869690545 0.7136805886882188 
1.680000000000001 0.1276386525723333 0.37233093731044603 0.7101902659206121 
1.700000000000001 0.12647797979779996 0.37004485821630484 0.7068482418633266 
1.720000000000001 0.12536528313824102 0.367853273622136 0.7036443595234463 
1.740000000000001 0.12429736686134424 0.3657498891640242 0.7005694171565153 
1.7600000000000011 0.12327132772434275 0.36372898656999814 0.6976150552081581 
1.7800000000000011 0.12228452125861633 0.36178535725365824 0.6947736592344579 
1.8000000000000012 0.12133453269866254 0.35991424505542746 0.6920382761952648 
1.8200000000000012 0.12041915181670626 0.35811129667640806 0.6894025419933429 
1.8400000000000012 0.11953635105667018 0.35637251861071084 0.6868606185136468 
1.8600000000000012 0.11868426646738248 0.3546942395912054 0.6844071387226809 
1.8800000000000012 0.11786118102045713 0.3530730777321581 0.6820371586342515 
1.9000000000000012 0.11706550996761184 0.35150591168877926 0.6797461151475428 
1.9200000000000013 0.11629578794865855 0.34998985526492044 0.6775297889260559 
1.9400000000000013 0.11555065760761957 0.34852223499120083 0.6753842716190208 
1.9600000000000013 0.11482885951242659 0.34710057027068986 0.6733059368363277 
1.9800000000000013 0.11412922320505003 0.34572255575110333 0.6712914143783998 
2.0000000000000013 0.11345065923494124 0.34438604563374753 0.6693375672974061 
2.0200000000000014 0.11279215205035437 0.34308903967215676 0.6674414714286376 
2.0400000000000014 0.11215275364024249 0.34182967064907305 0.6656003970830771 
2.0600000000000014 0.11153157783463638 0.34060619315038404 0.6638117926359933 
2.0800000000000014 0.1109277951842261 0.33941697347986743 0.6620732697832848 
2.1000000000000014 0.11034062835069337 0.33826048057991814 0.6603825902684702 
2.1200000000000014 0.10976934794852242 0.3371352778415143 0.65873765390966 
2.1400000000000015 0.10921326878682551 0.33604001570205905 0.6571364877783243 
2.1600000000000015 0.10867174646638089 0.334973424942853 0.6555772364008543 
2.1800000000000015 0.10814417429278055 0.33393431060918277 0.6540581528703255 
2.2000000000000015 0.10762998047147707 0.3329215464856415 0.6525775907699569 
2.2200000000000015 0.1071286255547268 0.33193407006758857 0.6511339968218767 
2.2400000000000015 0.10663960011405739 0.3309708779768057 0.64972590418526 
2.2600000000000016 0.10616242261502808 0.3300310217755916 0.6483519263369448 
2.2800000000000016 0.10569663747377356 0.32911360413890095 0.6470107514754732 
2.3000000000000016 0.10524181327718857 0.32821777534879204 0.6457011373963166 
2.3200000000000016 0.10479754115067144 0.3273427300795095 0.6444219067919814 
2.3400000000000016 0.10436343325914453 0.3264877044450705 0.643171942935869 
2.3600000000000017 0.10393912142864338 0.3256519732843258 0.6419501857132996 
2.3800000000000017 0.10352425587714735 0.32483484766118387 0.6407556279670854 
2.4000000000000017 0.10311850404453687 0.3240356725600764 0.639587312128526 
2.4200000000000017 0.10272154951262943 0.3232538247588449 0.6384443271077768 
2.4400000000000017 0.10233309100718882 0.322488710863082 0.6373258054202481 
2.4600000000000017 0.1019528414746327 0.3217397654876009 0.6362309205280914 
2.4800000000000018 0.10158052722690085 0.32100644957215446 0.6351588843779453 
2.5000000000000018 0.10121588714859847 0.3202882488198121 0.6341089451179959 
2.520000000000002 0.10085867196110915 0.3195846722475458 0.6330803849790738 
2.540000000000002 0.10050864353888783 0.31889525083958936 0.6320725183059991 
2.560000000000002 0.10016557427360354 0.31821953629504507 0.6310846897267026 
2.580000000000002 0.09982924648221225 0.31755709986201386 0.6301162724478402 
2.600000000000002 0.09949945185540665 0.3169075312512539 0.6291666666666663 
2.620000000000002 0.0991759909432176 0.31627043762301366 0.6282352980898839 
2.640000000000002 0.0988586726748371 0.31564544264126654 0.6273216165510279 
2.660000000000002 0.09854731390999533 0.3150321855900976 0.6264250947187086 
2.680000000000002 0.09824173901946356 0.3144303205474545 0.6255452268887164 
2.700000000000002 0.09794177949246649 0.3138395156119014 0.6246815278536122 
2.720000000000002 0.09764727356898203 0.3132594521783903 0.6238335318439756 
2.740000000000002 0.09735806589507882 0.3126898242594093 0.6230007915359893 
2.760000000000002 0.09707400719960006 0.31213033784817323 0.6221828771204877 
2.780000000000002 0.0967949539906435 0.3115807103208066 0.6213793754290049 
2.800000000000002 0.09652076827041658 0.3110406698747171 0.6205898891127337 
2.820000000000002 0.09625131726716218 0.3105099550005934 0.6198140358706363 
2.840000000000002 0.09598647318295651 0.30998831398566307 0.6190514477232569 
2.860000000000002 0.09572611295627703 0.30947550444604316 0.6183017703290637 
2.880000000000002 0.0954701180383255 0.3089712928861824 0.6175646623403968 
2.900000000000002 0.09521837418217145 0.308475454283555 0.6168397947963303 
2.920000000000002 0.09497077124385396 0.30798777169690766 0.6161268505499692 
2.940000000000002 0.09472720299464586 0.30750803589649217 0.6154255237278838 
2.960000000000002 0.0944875669437453 0.30703604501483595 0.6147355192195723 
2.980000000000002 0.09425176417071486 0.30657160421671165 0.6140565521949867 
3.000000000000002 0.09401969916703937 0.3061145253870668 0.6133883476483182 
3.0200000000000022 0.09379127968621986 0.3056646268357666 0.612730639966359 
3.0400000000000023 0.09356641660186374 0.30522173301808636 0.6120831725198896 
3.0600000000000023 0.0933450237732705 0.3047856742699665 0.6114456972766484 
3.0800000000000023 0.09312701791804817 0.3043562865571165 0.610817974434545 
3.1000000000000023 0.09291231849132847 0.3039334112371148 0.6101997720738743 
3.1200000000000023 0.09270084757117955 0.30351689483371624 0.609590865827376 
3.1400000000000023 0.09249252974984273 0.30310658882263003 0.6089910385670623 
3.1600000000000024 0.09228729203044544 0.30270234942808405 0.6084000801068159 
3.1800000000000024 0.0920850637288669 0.302304037429538 0.6078177869198226 
3.2000000000000024 0.09188577638045414 0.3019115179779497 0.6072439618699709 
3.2200000000000024 0.09168936365130712 0.30152466042104115 0.6066784139564081 
3.2400000000000024 0.09149576125386985 0.3011433381370452 0.6061209580704943 
3.2600000000000025 0.09130490686658213 0.3007674283764505 0.6055714147644488 
3.2800000000000025 0.09111674005736214 0.3003968121112917 0.6050296100310271 
3.3000000000000025 0.09093120221070566 0.3000313738915627 0.6044953750936114 
3.3200000000000025 0.09074823645820068 0.2996710017083575 0.6039685462061355 
3.3400000000000025 0.09056778761226975 0.2993155868633677 0.6034489644623033 
3.3600000000000025 0.09038980210296352 0.2989650238443905 0.6029364756135933 
3.3800000000000026 0.09021422791764071 0.29861921020652105 0.6024309298955738 
3.4000000000000026 0.09004101454337932 0.298278046458725 0.6019321818620826 
3.4200000000000026 0.08987011291197392 0.2979414359555041 0.6014400902268534 
3.4400000000000026 0.08970147534738242 0.29760928479338644 0.600954517712194 
3.4600000000000026 0.08953505551549423 0.2972815017119895 0.6004753309043503 
3.4800000000000026 0.08937080837609919 0.2969579979994169 0.6000024001152059 
3.5000000000000027 0.08920869013694396 0.2966386874017674 0.5995355992499927 
3.5200000000000027 0.08904865820976933 0.29632348603654524 0.5990748056807058 
3.5400000000000027 0.08889067116822782 0.2960123123097742 0.5986199001249316 
3.5600000000000027 0.08873468870758744 0.29570508683662905 0.5981707665298196 
3.5800000000000027 0.08858067160613195 0.2954017323654094 0.597727291960939 
3.6000000000000028 0.08842858168817427 0.29510217370468994 0.5972893664957798 
3.6200000000000028 0.0882783817886032 0.29480633765349146 0.5968568831216692 
3.640000000000003 0.08813003571888917 0.2945141529343249 0.5964297376378895 
3.660000000000003 0.08798350823447826 0.29422555012897045 0.596007828561792 
3.680000000000003 0.08783876500350776 0.2939404616168589 0.5955910570387182 
3.700000000000003 0.08769577257678043 0.29365882151593264 0.595179326755543 
3.720000000000003 0.08755449835893792 0.29338056562586856 0.5947725438576726 
3.740000000000003 0.0874149105807769 0.2931056313735511 0.594370616869332 
3.760000000000003 0.08727697827265488 0.29283395776069227 0.5939734566169895 
3.780000000000003 0.08714067123893507 0.2925654853134975 0.5935809761557742 
3.800000000000003 0.08700596003342262 0.29230015603428494 0.5931930906987474 
3.820000000000003 0.08687281593574714 0.2920379133549677 0.5928097175488982 
3.840000000000003 0.08674121092864849 0.29177870209231577 0.5924307760337414 
3.860000000000003 0.08661111767612528 0.2915224684049169 0.592056187442398 
3.880000000000003 0.08648250950240757 0.29126915975176104 0.5916858749650498 
3.900000000000003 0.08635536037171718 0.2910187248523757 0.5913197636346611 
3.920000000000003 0.08622964486878099 0.29077111364844493 0.5909577802708699 
3.940000000000003 0.08610533818006423 0.2905262772668459 0.5905998534259502 
3.960000000000003 0.08598241607569254 0.2902841679840422 0.5902459133327593 
3.980000000000003 0.08586085489203295 0.2900447391917756 0.5898958918545819 
4.000000000000003 0.08574063151490577 0.2898079453639993 0.58954972243679 
