 0.00000000e+00 0.00000000e+00
 1.00000000e-02 3.67669551e-01
 2.00000000e-02 8.28058566e-01
 3.00000000e-02 1.36833586e+00
 4.00000000e-02 1.97567023e+00
 5.00000000e-02 2.63791004e+00
 6.00000000e-02 3.41782504e+00
 7.00000000e-02 4.33796405e+00
 8.00000000e-02 5.36276494e+00
 9.00000000e-02 6.45666555e+00
 1.00000000e-01 7.58410376e+00
 1.10000000e-01 8.70951743e+00
 1.20000000e-01 9.80436957e+00
 1.30000000e-01 1.09095601e+01
 1.40000000e-01 1.20383663e+01
 1.50000000e-01 1.31903673e+01
 1.60000000e-01 1.43651421e+01
 1.70000000e-01 1.55622697e+01
 1.80000000e-01 1.67813294e+01
 1.90000000e-01 1.80314739e+01
 2.00000000e-01 1.93396737e+01
 2.10000000e-01 2.06824639e+01
 2.20000000e-01 2.20313764e+01
 2.30000000e-01 2.33579434e+01
 2.40000000e-01 2.46578756e+01
 2.50000000e-01 2.61946811e+01
 2.60000000e-01 2.77796902e+01
 2.70000000e-01 2.90666393e+01
 2.80000000e-01 2.97092649e+01
 2.90000000e-01 2.86943388e+01
 3.00000000e-01 2.62427467e+01
 3.10000000e-01 2.29501001e+01
 3.20000000e-01 1.85969114e+01
 3.30000000e-01 1.63569613e+01
 3.40000000e-01 1.49091563e+01
 3.50000000e-01 1.39678391e+01
 3.60000000e-01 1.32784647e+01
 3.70000000e-01 1.27360902e+01
 3.80000000e-01 1.23106472e+01
 3.90000000e-01 1.19698445e+01
 4.00000000e-01 1.16726127e+01
 4.10000000e-01 1.14113864e+01
 4.20000000e-01 1.11853570e+01
 4.30000000e-01 1.09937158e+01
 4.40000000e-01 1.08356540e+01
 4.50000000e-01 1.07031344e+01
 4.60000000e-01 1.05806945e+01
 4.70000000e-01 1.04675433e+01
 4.80000000e-01 1.03633447e+01
 4.90000000e-01 1.02677626e+01
 5.00000000e-01 1.01804608e+01
 5.10000000e-01 1.01011034e+01
 5.20000000e-01 1.00293540e+01
 5.30000000e-01 9.96487673e+00
 5.40000000e-01 9.90733538e+00
 5.50000000e-01 9.85606375e+00
 5.60000000e-01 9.80776843e+00
 5.70000000e-01 9.76164735e+00
 5.80000000e-01 9.71765887e+00
 5.90000000e-01 9.67576135e+00
 6.00000000e-01 9.63591313e+00
 6.10000000e-01 9.59807258e+00
 6.20000000e-01 9.56219804e+00
 6.30000000e-01 9.52824786e+00
 6.40000000e-01 9.49618040e+00
 6.50000000e-01 9.46595401e+00
 6.60000000e-01 9.43752705e+00
 6.70000000e-01 9.41085787e+00
 6.80000000e-01 9.38590482e+00
 6.90000000e-01 9.36262625e+00
 7.00000000e-01 9.34098051e+00
 7.10000000e-01 9.32092597e+00
 7.20000000e-01 9.30241615e+00
 7.30000000e-01 9.28523407e+00
 7.40000000e-01 9.26920017e+00
 7.50000000e-01 9.25420472e+00
 7.60000000e-01 9.24013797e+00
 7.70000000e-01 9.22689019e+00
 7.80000000e-01 9.21435164e+00
 7.90000000e-01 9.20241258e+00
 8.00000000e-01 9.19096326e+00
 8.10000000e-01 9.17989396e+00
 8.20000000e-01 9.16909494e+00
 8.30000000e-01 9.15845645e+00
 8.40000000e-01 9.14786876e+00
 8.50000000e-01 9.13722213e+00
 8.60000000e-01 9.12640682e+00
 8.70000000e-01 9.11531310e+00
 8.80000000e-01 9.10383440e+00
 8.90000000e-01 9.09225647e+00
 9.00000000e-01 9.08081316e+00
 9.10000000e-01 9.06949394e+00
 9.20000000e-01 9.05828831e+00
 9.30000000e-01 9.04718576e+00
 9.40000000e-01 9.03617579e+00
 9.50000000e-01 9.02524789e+00
 9.60000000e-01 9.01439154e+00
 9.70000000e-01 9.00359623e+00
 9.80000000e-01 8.99285147e+00
 9.90000000e-01 8.98214674e+00
 1.00000000e+00 8.97147152e+00
 1.01000000e+00 8.96081532e+00
 1.02000000e+00 8.95016763e+00
 1.03000000e+00 8.93951793e+00
 1.04000000e+00 8.92885572e+00
 1.05000000e+00 8.91817049e+00
 1.06000000e+00 8.90745172e+00
 1.07000000e+00 8.89672561e+00
 1.08000000e+00 8.88630390e+00
 1.09000000e+00 8.87620934e+00
 1.10000000e+00 8.86637900e+00
 1.11000000e+00 8.85674994e+00
 1.12000000e+00 8.84725922e+00
 1.13000000e+00 8.83784390e+00
 1.14000000e+00 8.82844105e+00
 1.15000000e+00 8.81898772e+00
 1.16000000e+00 8.80942099e+00
 1.17000000e+00 8.79967790e+00
 1.18000000e+00 8.78969552e+00
 1.19000000e+00 8.77941092e+00
 1.20000000e+00 8.76876115e+00
 1.21000000e+00 8.75768328e+00
 1.22000000e+00 8.74611437e+00
 1.23000000e+00 8.73399147e+00
 1.24000000e+00 8.72125166e+00
 1.25000000e+00 8.70783199e+00
 1.26000000e+00 8.69353425e+00
 1.27000000e+00 8.67632184e+00
 1.28000000e+00 8.65591910e+00
 1.29000000e+00 8.63283347e+00
 1.30000000e+00 8.60757237e+00
 1.31000000e+00 8.58064321e+00
 1.32000000e+00 8.55255342e+00
 1.33000000e+00 8.52381042e+00
 1.34000000e+00 8.49492164e+00
 1.35000000e+00 8.46639449e+00
 1.36000000e+00 8.43873641e+00
 1.37000000e+00 8.41245480e+00
 1.38000000e+00 8.38805710e+00
 1.39000000e+00 8.36605073e+00
 1.40000000e+00 8.34694310e+00
 1.41000000e+00 8.33124164e+00
 1.42000000e+00 8.31945378e+00
 1.43000000e+00 8.31208693e+00
 1.44000000e+00 8.30926043e+00
 1.45000000e+00 8.30770434e+00
 1.46000000e+00 8.30651338e+00
 1.47000000e+00 8.30562106e+00
 1.48000000e+00 8.30496086e+00
 1.49000000e+00 8.30446630e+00
 1.50000000e+00 8.30407086e+00
 1.51000000e+00 8.30370805e+00
 1.52000000e+00 8.30331137e+00
 1.53000000e+00 8.30281431e+00
 1.54000000e+00 8.30215038e+00
 1.55000000e+00 8.30125306e+00
 1.56000000e+00 8.30005587e+00
 1.57000000e+00 8.29849230e+00
 1.58000000e+00 8.29649584e+00
 1.59000000e+00 8.29400000e+00
 1.60000000e+00 7.05681872e+00
 1.61000000e+00 4.93459173e+00
 1.62000000e+00 3.49682861e+00
 1.63000000e+00 2.19103435e+00
 1.64000000e+00 1.01468029e+00
 1.65000000e+00 0.00000000e+00
