#FIG 3.2  Produced by xfig version 3.2.5
Landscape
Center
Metric
A4      
100.00
Single
-2
1200 2
0 32 #696d69
6 4275 -3915 5625 225
1 2 0 1 0 0 48 -1 20 0.000 1 0.0000 4960 -224 170 87 4790 -224 5130 -224
1 2 0 1 0 32 49 -1 20 0.000 1 0.0000 4951 -109 540 270 4411 -109 5491 -109
1 2 0 1 0 7 50 -1 20 0.000 1 0.0000 4950 -112 675 337 4275 -112 5625 -112
1 2 0 1 0 7 55 -1 -1 0.000 1 0.0000 4950 -292 675 337 4275 -292 5625 -292
1 2 1 1 0 7 60 -1 -1 4.000 1 0.0000 4950 -3547 675 337 4275 -3547 5625 -3547
2 1 0 1 0 7 51 -1 -1 0.000 0 0 -1 0 0 2
	 4275 -89 4275 -314
2 2 0 0 -1 7 53 -1 20 0.000 0 0 -1 0 0 5
	 4275 -314 5625 -314 5625 -89 4275 -89 4275 -314
2 1 0 1 0 7 51 -1 -1 0.000 0 0 -1 0 0 2
	 5625 -134 5625 -314
2 1 1 1 0 32 60 -1 -1 4.000 0 0 -1 0 0 2
	 4275 -269 4275 -3554
2 1 1 1 0 32 60 -1 -1 4.000 0 0 -1 0 0 2
	 5625 -269 5625 -3554
2 1 0 1 0 7 51 -1 -1 0.000 0 0 -1 0 0 2
	 4590 -990 4590 -1170
-6
1 2 0 1 0 0 48 -1 20 0.000 1 0.0000 4960 4185 170 87 4790 4185 5130 4185
1 2 0 1 0 32 49 -1 20 0.000 1 0.0000 4951 4300 540 270 4411 4300 5491 4300
1 2 0 1 0 7 50 -1 20 0.000 1 0.0000 4950 4297 675 337 4275 4297 5625 4297
1 2 0 1 0 7 55 -1 -1 0.000 1 0.0000 4950 4117 675 337 4275 4117 5625 4117
1 2 1 1 0 7 55 -1 -1 4.000 1 0.0000 4950 862 675 337 4275 862 5625 862
2 1 0 1 0 7 51 -1 -1 0.000 0 0 -1 0 0 2
	 4275 4320 4275 4095
2 2 0 0 -1 7 53 -1 20 0.000 0 0 -1 0 0 5
	 4275 4095 5625 4095 5625 4320 4275 4320 4275 4095
2 1 1 1 0 32 55 -1 -1 4.000 0 0 -1 0 0 2
	 4275 4140 4275 855
2 1 1 1 0 32 55 -1 -1 4.000 0 0 -1 0 0 2
	 5625 4140 5625 855
2 2 1 0 0 7 57 -1 20 2.000 0 0 -1 0 0 5
	 4275 1125 5625 1125 5625 4275 4275 4275 4275 1125
